1.1 3.2 1
3 3.3 0.9
5.5 2.2 1.1
2.8 4.65 1
5.1 4.9 1
6.9 4.9 1.2
2.8 6.3 1.2
4.9 6.8 1.2
3.7 8.3 1
10.1 1.7 1.5
7.1 11.1 1
9 13.4 1.4
7.5 14.3 0.9
7.5 16.6 0.9
12.9 10.2 1.4
15.2 9.3 1.1
16.3 11.1 1.2
15.3 13.1 1
15.5 15.8 1.2
17.9 15.4 0.7
12.9 2.7 0.8
15.1 3.7 1
16.9 4.9 1.4
12.8 5.4 0.8
14.2 5.7 0.6
12.7 7.3 0.7
15.4 6.8 0.8
19.8 4.6 1.1
23.3 4.8 1.4
26.1 3.7 0.8
25.5 5.5 1
27.9 4.1 1
25.3 7 0.9
27 8.2 0.7
20.2 7.3 1.2
23.5 7.9 1.3
17.95 9.9 1.2
21.15 9.8 1.2
23.5 10 1
24.8 12.6 0.7
27.4 13.5 0.75
25.8 16.2 1.2
27.65 16.7 1.2
