5.75 3.5
5.97727 3.45455
5.81818 3.72727
5.68182 3.90909
5.75 4.09091
5.63636 4.27273
5.61364 4.52273
5.61364 4.72727
5.5 4.95455
5.43182 5.25
5.47727 5.45455
5.40909 5.65909
5.25 5.88636
5.13636 6.15909
5.34091 6.20455
5.36364 5.97727
6.18182 5
6.34091 4.79545
6.52273 4.65909
6.68182 4.75
6.68182 4.90909
6.63636 5.15909
6.56818 5.34091
6.52273 5.56818
6.47727 5.84091
6.40909 6.04545
6.34091 6.25
6.5 6.22727
6.54545 5.90909
6.63636 5.56818
6.68182 5.34091
6.79545 5.04545
6.90909 4.88636
7.02273 4.72727
7.25 4.70455
7.45455 4.75
7.61364 4.84091
7.68182 4.93182
7.70455 5.11364
7.77273 5.27273
7.75 5.47727
7.72727 5.56818
7.70455 5.75
7.65909 5.97727
7.61364 6.11364
7.59091 6.18182
7.75 6.27273
7.77273 6.04545
8.59091 4.81818
8.79545 4.84091
8.70455 4.95455
8.65909 5.15909
8.75 5.31818
8.68182 5.5
8.79545 5.61364
8.77273 5.84091
8.88636 6
8.84091 6.25
8.97727 6.31818
9.13636 6.34091
9.31818 6.25
9.34091 6.02273
9.5 6
9.5 5.75
9.63636 5.68182
9.70455 5.47727
9.81818 5.40909
9.81818 5.18182
9.97727 5.06818
9.88636 4.93182
10.0682 4.86364
11.0455 5.09091
11.0682 5.18182
10.9091 5.22727
10.7727 5.20455
10.6818 5.18182
10.7045 5
10.7727 4.84091
11.0455 4.75
11.25 4.68182
11.5 4.70455
11.6591 4.79545
11.7955 4.86364
11.8864 5.02273
11.9545 5.20455
11.9545 5.45455
11.9091 5.61364
11.8409 5.81818
11.7727 5.95455
11.7045 6.13636
11.5909 6.22727
11.3182 6.34091
11.4773 6.31818
11.7727 6.22727
11.8182 6.31818
11.9091 6.22727
11.1364 6.29545
11.0909 6.38636
10.9773 6.38636
10.7727 6.38636
10.6818 6.29545
10.5682 6.15909
10.6591 6.11364
10.5909 5.97727
10.7273 5.84091
10.7955 5.63636
10.8636 5.72727
11 5.59091
11.2045 5.54545
11.4545 5.56818
11.5682 5.63636
11.6591 5.72727
13.5682 5.15909
13.6818 5.20455
13.7955 4.97727
13.8182 4.79545
13.6818 4.68182
13.4545 4.68182
13.1364 4.72727
13 4.84091
13 5
12.8636 4.97727
12.7955 5.13636
12.6364 5.27273
12.75 5.34091
12.6364 5.5
12.7045 5.63636
12.6591 5.81818
12.7955 5.84091
12.75 6
12.9091 6.13636
13.0227 6.27273
13.2273 6.29545
13.4318 6.27273
13.6136 6.22727
13.7955 6.13636
13.9318 6.22727
14.0682 6.22727
14 6.02273
14.0455 5.84091
14 5.65909
14.0909 5.5
14.1364 5.31818
14.1591 5.13636
14.2273 4.90909
14.2273 4.68182
14.25 4.52273
14.3182 4.34091
14.3636 4.11364
14.3864 3.93182
14.3636 3.72727
14.5455 3.61364
15.5455 6
15.5227 5.81818
15.7045 5.72727
15.9318 5.63636
16.0682 5.77273
16.0455 5.93182
15.9318 6.09091
15.75 6.18182
15.6136 6.29545
15.3636 6.34091
15.1818 6.31818
14.9773 6.22727
14.9545 6
14.7727 5.95455
14.8182 5.77273
14.8864 5.56818
14.8182 5.40909
14.8864 5.20455
15.0455 5.04545
15.2273 4.86364
15.4545 4.77273
15.7045 4.70455
15.9318 4.72727
16.0909 4.95455
16.1591 5.15909
16.1591 5.36364
15.9091 5.38636
15.6818 5.38636
15.4545 5.38636
15.2273 5.40909
14.9545 5.38636
16.6136 6.22727
16.7727 6.25
16.75 6
16.8182 5.79545
16.8182 5.59091
16.9091 5.40909
16.9545 5.18182
16.9545 5
16.9773 4.72727
17.0909 4.79545
17.3409 4.72727
17.6136 4.63636
17.8182 4.63636
18 4.79545
18.1364 4.97727
17.4773 4.68182
19.7273 5.09091
19.7727 4.93182
19.6591 4.84091
19.4773 4.75
19.25 4.65909
19.1364 4.70455
18.9318 4.77273
18.7955 4.93182
18.7273 5.15909
18.7273 5.27273
18.8864 5.38636
19.0682 5.47727
19.2955 5.5
19.4773 5.52273
19.6136 5.56818
19.6591 5.70455
19.6364 5.88636
19.5682 6.06818
19.4318 6.29545
19.2045 6.29545
18.9545 6.34091
18.7045 6.34091
18.5455 6.25
18.4545 6.02273
18.6364 5.84091
18.8636 5.84091
19.0455 5.95455
