2 1 3
4 0 2 3 4
4 1 4 5 9
4 0 1 4 6
6 1 2 3 5 6 7
4 2 4 7 9
4 3 4 7 8
4 4 5 6 8
3 6 7 10
3 5 2 20 
3 8 11 12
4 10 12 13 14
3 10 11 13
2 11 12
6 11 15 16 17 25 26
4 14 16 26 36
6 14 15 17 18 19 36
3 14 16 18
3 16 17 19
2 16 18
3 9 21 23
4 20 22 23 24
6 21 24 26 27 34 36
4 20 21 24 25
5 21 22 23 25 26
4 14 23 24 26
6 14 15 22 24 25 36
4 22 28 34 35
5 27 29 30 32 35
3 28 30 31
4 28 29 31 32
4 29 30 32 33
5 28 30 31 33 35
2 31 32
5 22 27 35 36 37
6 27 28 32 34 37 38
6 15 16 22 26 34 37
4 34 35 36 38
3 35 37 39
3 38 40 41
3 39 41 42
3 39 40 42
2 40 41
